#usda 1.0
(
    customLayerData = {
        string creator = "Reality Converter 47.1 (usdzconvert 0.65)"
    }
    defaultPrim = "Character"
    endTimeCode = 17
    metersPerUnit = 1
    startTimeCode = 0
    timeCodesPerSecond = 24
    upAxis = "Y"
)

def Xform "Character" (
    assetInfo = {
        string name = "Character"
    }
    kind = "component"
)
{
    def Scope "Materials"
    {
        def Material "Main"
        {
            token outputs:surface.connect = </Character/Materials/Main/surfaceShader.outputs:surface>

            def Shader "surfaceShader"
            {
                uniform token info:id = "UsdPreviewSurface"
                color3f inputs:diffuseColor = (0.0012141081, 0.3049873, 1)
                token outputs:surface
            }
        }

        def Material "Main_Light"
        {
            token outputs:surface.connect = </Character/Materials/Main_Light/surfaceShader.outputs:surface>

            def Shader "surfaceShader"
            {
                uniform token info:id = "UsdPreviewSurface"
                color3f inputs:diffuseColor = (0.80064964, 0.4739941, 0.1683227)
                token outputs:surface
            }
        }

        def Material "Main2"
        {
            token outputs:surface.connect = </Character/Materials/Main2/surfaceShader.outputs:surface>

            def Shader "surfaceShader"
            {
                uniform token info:id = "UsdPreviewSurface"
                color3f inputs:diffuseColor = (0.22142379, 0.43197352, 0.4575264)
                token outputs:surface
            }
        }

        def Material "Black"
        {
            token outputs:surface.connect = </Character/Materials/Black/surfaceShader.outputs:surface>

            def Shader "surfaceShader"
            {
                uniform token info:id = "UsdPreviewSurface"
                color3f inputs:diffuseColor = (0.009017318, 0.009017318, 0.009017318)
                token outputs:surface
            }
        }

        def Material "White"
        {
            token outputs:surface.connect = </Character/Materials/White/surfaceShader.outputs:surface>

            def Shader "surfaceShader"
            {
                uniform token info:id = "UsdPreviewSurface"
                color3f inputs:diffuseColor = (0.56479704, 0.59257376, 0.50614274)
                token outputs:surface
            }
        }

        def Material "EyeColor"
        {
            token outputs:surface.connect = </Character/Materials/EyeColor/surfaceShader.outputs:surface>

            def Shader "surfaceShader"
            {
                uniform token info:id = "UsdPreviewSurface"
                color3f inputs:diffuseColor = (0.0063838568, 0.026276197, 0.0522161)
                token outputs:surface
            }
        }
    }

    def Scope "Geom"
    {
        def Xform "CharacterArmature"
        {
            def SkelRoot "Root"
            {
                def Skeleton "Skeleton"
                {
                    uniform matrix4d[] bindTransforms = [( (0.9999999999997726, 3.3881313851196957e-21, -4.7683707293789845e-7, 0), (0, 0.9999998807907247, 0, 0), (4.768370445161924e-7, 1.1920927533992823e-7, 0.9999998807904973, 0), (-0.001311469062900449, -0.0024153694561797824, -0.00011468419086728561, 1) ), ( (-0.9999999995117562, 0.00002208398821312054, 7.356193071258908e-7, -0), (4.768042369797967e-7, -0.011717164785451158, 0.9999311866167584, 0), (0.000022091093634347708, 0.9999311861292496, 0.011717370580892332, 0), (0.5459238699317613, 0.022247495766685325, -0.045170210029379695, 1) ), ( (0.9999999999994884, -2.8421706042258082e-14, -7.152557088826155e-7, 0), (0, 0.9999998807907247, 0, 0), (7.152557088826155e-7, 1.192092753399079e-7, 0.9999998807902131, 0), (0.0008415903362171684, 0.7197083753427558, 0.15477560045419422, 1) ), ( (0.9999999999999676, -1.8300516645362414e-8, -1.789746883585384e-7, 0), (5.699150738942042e-11, 0.9948449979963948, -0.10140672109923445, 0), (1.7990783248294515e-7, 0.10140684030850938, 0.9948449979963626, 0), (-0.0006383767810456039, 0.48845994049594654, -0.027046295710179545, 1) ), ( (0.9999999999988849, 8.486763595723274e-8, -0.00000105255944983852, 0), (1.1250297247999994e-14, 0.9967652305311583, 0.08036900851991895, 0), (0.0000010559753918373968, -0.08036889676112323, 0.9967651113207603, 0), (-0.0006383767823973116, 0.8011776414603147, -0.05892228823410275, 0.9999999999999998) ), ( (0.9999999999996294, -3.29367148545509e-8, 6.077977566318569e-7, 0), (-1.5953253904930092e-14, 0.9985349314886961, 0.054111094518079536, 0), (-6.086896014022727e-7, -0.05411097530877543, 0.9985348718836842, 0), (-0.0006383767792204172, 1.0987903498083778, -0.03492582981485343, 1) ), ( (0.9999999999994416, 8.640199352222244e-12, -7.473433602570575e-7, 0), (-8.682831910381594e-12, 0.9999999999999989, -7.450580590434764e-9, 0), (7.473432465690045e-7, 1.3411044897472934e-7, 0.9999998807901651, 0), (-0.000638376811648708, 1.6859979625352732, -0.0031047648082556563, 1) ), ( (0.9999998164859042, 7.842348749246666e-11, 0.000550202957165675, 0), (-8.677263691339975e-12, 1, -4.440892330078727e-16, 0), (-0.0005502030153733298, 1.2665983454837488e-7, 0.9999997568812667, 0), (-0.0006383768070900021, 1.8194956775547435, -0.003104765979939279, 1) ), ( (0.9202887130995673, -0.386719246404319, 0.05930166660252451, 0), (0.3680690111203537, 0.9071703392660438, 0.20388041208630964, 0), (-0.13264120821163275, -0.16580167459773706, 0.9771979244786134, 0), (0.4587278190091498, 2.5151846572741756, -0.134663685746669, 1) ), ( (0.9068386974870255, -0.41642101855249714, 0.06508972896846038, 0), (0.42146499842565005, 0.8971186044325045, -0.13246044141324714, 0), (-0.0032338720645356555, 0.14755347920811024, 0.9890487704699826, 0), (0.5840923569162761, 2.8241676363806674, -0.0652218241580514, 1) ), ( (0.9999997615814885, 2.011947747966211e-7, -2.700836025913313e-8, 0), (7.450579323111021e-9, 0.4402937238095244, -0.8978536612974195, 0), (5.832407641933178e-8, 0.8978538997160073, 0.44029375361184336, 0), (0.8768446243370049, 3.447311882136604, -0.157229673162811, 1) ), ( (0.9202887702964109, 0.38671910353430217, -0.05930170898268038, 0), (-0.36806884977317766, 0.9071703932491543, 0.20388045207020444, 0), (0.13264122924058963, -0.16580168919876148, 0.9771979075167407, 0), (-0.45872787451121066, 2.5151850542731307, -0.1346636037936006, 1) ), ( (0.9068387662166096, 0.4164209589247209, -0.06508971743927275, 0), (-0.4214649399219132, 0.8971186681191877, -0.13246043600217633, 0), (0.003233872204626963, 0.14755352749866954, 0.9890487654760806, 0), (-0.5840922573140184, 2.8241677336527933, -0.06522185451072869, 1) ), ( (0.9999997615814898, -1.050939325681774e-7, 6.007030146817842e-8, 0), (-2.2118911956967106e-8, 0.4402937122546625, -0.8978535781299263, 0), (-1.4749821884979378e-7, 0.8978539357577954, 0.44029380166161497, 0), (-0.8768444416716299, 3.4473122592887027, -0.15722963490500155, 0.9999999999999998) ), ( (0.663950776256783, -0.7477763764231387, -0.0000027939680079517787, 0), (0.7477763764286998, 0.6639507762618915, 1.862659568195718e-8, 0), (0.0000018415807042528673, -0.0000019781292227531356, 0.9999999999924519, 0), (0.1254644224862463, 1.2389163058552795, -0.012067109608606208, 0.9999999999999998) ), ( (0.04281849693361813, 0.06230727221891053, 0.9971379986264187, 0), (0.9990794165301656, -6.416502929539993e-8, -0.04290182989878283, 0), (-0.0026730552483091247, 0.998057090690176, -0.062249741155245585, -0), (0.3195360760396464, 1.4112324743186317, -0.012067104082012526, 1.0000000000000002) ), ( (-0.029713310404153283, -0.001468896683747389, 0.999557210364619, 0), (0.99925183589281, -0.02481340712016615, 0.029667765660578316, 0), (0.024758823434397885, 0.9996910324641793, 0.0022052226897471255, 0), (0.8473209615364552, 1.4112325155141117, -0.034730903789354214, 0.9999999999999998) ), ( (-0.04321287148056785, -0.0376880008307087, 0.998354578091117, 0), (0.9990644913864271, -1.2982652403440786e-10, 0.04324360154964372, 0), (-0.0016297828757979014, 0.999289651589384, 0.03765288055172744, 0), (1.2723498927661148, 1.4006782446834782, -0.022111804916582045, 1) ), ( (0.6639506179212966, 0.7477764440412007, 0.0000027939676570045864, 0), (-0.7477764440467549, 0.6639505583217764, 1.490131504963757e-8, 0), (-0.000001844594162827128, -0.000001978129051159767, 0.999999880783171, 0), (-0.1254644546178007, 1.2389162572843728, -0.012067108789483808, 1) ), ( (0.04281852508712473, -0.06230727105137969, -0.9971379965449575, 0), (-0.9990791164994385, -4.425340107795937e-9, -0.04290183194556843, 0), (0.0026731148074020036, 0.9980569710886439, -0.06224973855176931, 0), (-0.31953610716617675, 1.411232444312971, -0.012067110197753923, 1) ), ( (-0.029713258832063664, 0.0014689079767981335, -0.9995572117870448, -0), (-0.9992516586643899, -0.02481340192885282, 0.029667761608780863, 0), (-0.02475881723862561, 0.9996909132822687, 0.0022052486899191205, 0), (-0.847320812701184, 1.4112325881837375, -0.03473090292462673, 1) ), ( (-0.0432128080456445, 0.03768798524869926, -0.9983545816069257, 0), (-0.9990643156400709, 1.7958872321519577e-9, 0.04324358655944373, -0), (0.0016297807991939623, 0.9992895328272606, 0.037652879899253075, 0), (-1.2723496633580182, 1.4006781977850828, -0.022111805959848102, 0.9999999999999998) ), ( (0.9992835526829488, 0.03746877041562494, -0.0053471318432117545, 0), (0.03757769880373981, -0.9653201672756344, 0.2583501503253557, 0), (0.004518623601956983, -0.258366081540358, -0.9660374574142239, 0), (0.5356811063484153, 0.5382302650274605, -0.036727955525163856, 0.9999999999999999) ), ( (1.0000001192091754, 1.851004477388064e-8, -5.080364995845656e-7, 0), (2.328275063953083e-10, -0.9717368808254887, -0.23606728216474243, 0), (-2.57510707771276e-7, 0.2360667308212815, -0.9717375960817334, 0), (0.5445982143803246, 0.3091625670394368, 0.02457779082579052, 1) ), ( (0.9992835207834287, -0.03746841186321203, 0.005347073765304942, 0), (-0.03757732601882715, -0.9653201017431896, 0.25835021910982, 0), (-0.004518603953716588, -0.25836611868293435, -0.9660374238151239, 0), (-0.535681152011077, 0.5382302753588717, -0.03672797223375901, 1) ), ( (0.9999999999998658, -3.038440063837688e-8, 5.26197234666538e-7, 0), (9.313248280733184e-10, -0.9717367052365623, -0.23606728379064995, 0), (2.589076754955397e-7, 0.23606668774373418, -0.9717376589114795, 0), (-0.5445980901424146, 0.30916257378226736, 0.024577799659209466, 1) ), ( (0.9999999999994884, -2.842171620665224e-14, -7.152557088826155e-7, 0), (0, 0.9999998807907247, 0, 0), (7.152557088826155e-7, 1.192092753399079e-7, 0.9999998807902131, 0), (0.5424936149349626, 0.24610693358485952, 0.9630319812305058, 1) ), ( (-0.9999999995122498, -0.000022083986703776175, 2.180549128071092e-7, 0), (4.768043397290259e-7, -0.011717164764391677, 0.9999311866170051, 0), (-0.000022079915442073857, 0.9999311861294964, 0.0117173706019576, 0), (-0.5459238534046722, 0.022247494428784036, -0.04517021098791626, 0.9999999999999998) ), ( (0.9999999999994884, 1.4210852343502764e-13, 7.152555951957914e-7, 0), (0, 0.9999998807907247, 0, 0), (-7.152558225694397e-7, 1.1920927533982658e-7, 0.9999998807902131, 0), (-0.5424936149350721, 0.24610693358479785, 0.9630319812305674, 1) )]
                    uniform token[] joints = ["Root", "Root/Foot_L", "Root/Body", "Root/Body/Hips", "Root/Body/Hips/Abdomen", "Root/Body/Hips/Abdomen/Torso", "Root/Body/Hips/Abdomen/Torso/Neck", "Root/Body/Hips/Abdomen/Torso/Neck/Head", "Root/Body/Hips/Abdomen/Torso/Neck/Head/Ear1_L", "Root/Body/Hips/Abdomen/Torso/Neck/Head/Ear1_L/Ear2_L", "Root/Body/Hips/Abdomen/Torso/Neck/Head/Ear1_L/Ear2_L/Ear3_L", "Root/Body/Hips/Abdomen/Torso/Neck/Head/Ear1_R", "Root/Body/Hips/Abdomen/Torso/Neck/Head/Ear1_R/Ear2_R", "Root/Body/Hips/Abdomen/Torso/Neck/Head/Ear1_R/Ear2_R/Ear3_R", "Root/Body/Hips/Abdomen/Torso/Shoulder_L", "Root/Body/Hips/Abdomen/Torso/Shoulder_L/UpperArm_L", "Root/Body/Hips/Abdomen/Torso/Shoulder_L/UpperArm_L/LowerArm_L", "Root/Body/Hips/Abdomen/Torso/Shoulder_L/UpperArm_L/LowerArm_L/Fist_L", "Root/Body/Hips/Abdomen/Torso/Shoulder_R", "Root/Body/Hips/Abdomen/Torso/Shoulder_R/UpperArm_R", "Root/Body/Hips/Abdomen/Torso/Shoulder_R/UpperArm_R/LowerArm_R", "Root/Body/Hips/Abdomen/Torso/Shoulder_R/UpperArm_R/LowerArm_R/Fist_R", "Root/Body/UpperLeg_L", "Root/Body/UpperLeg_L/LowerLeg_L", "Root/Body/UpperLeg_R", "Root/Body/UpperLeg_R/LowerLeg_R", "Root/PoleTarget_L", "Root/Foot_R", "Root/PoleTarget_R"]
                    uniform matrix4d[] restTransforms = [( (0.9999999999998863, -1.4210851327070215e-14, -4.7683710135970614e-7, 0), (-1.4210853021136109e-14, 0.9999998807907087, -5.960463766996327e-8, 0), (4.7683704451629405e-7, 5.960463766996327e-8, 0.999999880790595, 0), (-0.0013114692410454154, -0.0024153697304427624, -0.00011468418961158022, 1) ), ( (-1.0000003031269742, 0.00002208399069384727, 2.5877920511031653e-7, 0), (-1.3595740738593789e-12, -0.011717366814961196, 0.9999316219918022, 0), (0.0000220855094561179, 0.999931621747934, 0.01171706344120855, 0), (0.5472351908683777, 0.02466287463903427, -0.045055266469717026, 1) ), ( (0.9999999999999716, -2.5410942979223536e-21, -2.384186643666908e-7, 0), (8.470375920695853e-22, 1.0000001192092896, -7.105387547047836e-15, 0), (2.384186927884104e-7, 7.105387547047432e-15, 1.0000001192092611, 0), (0.0021529856603592634, 0.590351402759552, 0.15489031374454498, 1) ), ( (0.999999999999856, -1.8300554235418616e-8, 5.362810674427167e-7, 0), (7.25887147241366e-8, 0.9948450525813091, -0.10140671479058198, 0), (-5.316607678562722e-7, 0.10140671479060633, 0.9948450525811672, 0), (-0.0014798372285440564, -0.23124849796295166, -0.18182192742824554, 1) ), ( (0.9999999999996056, 3.4745894910013e-7, -8.172863846258847e-7, 0), (-5.92410633709299e-8, 0.9443345155786527, 0.328986843282632, 0), (8.861011523608903e-7, -0.3289868432824538, 0.944334515578301, 0), (-7.182308220388123e-11, 0.31433814764022827, -6.7886696264451984e-9, 1) ), ( (0.9999999999986147, 1.6017801449324718e-8, 0.0000016644548821108274, 0), (2.7788214562253723e-8, 0.9996535757831152, -0.02631520729938317, 0), (-0.0000016642999848264067, 0.02631521043641051, 0.9996536949497368, 0), (4.930387695334382e-11, 0.29857853055000305, -1.4705962669836481e-8, 1) ), ( (0.9999999999990813, -4.04309066405413e-8, -0.000001354938460926626, 0), (-3.294553633357938e-8, 0.9985348616667977, -0.054111097436569604, 0), (0.0000013551409686016637, 0.05411109421129159, 0.9985348021485597, 0), (1.687272543904328e-11, 0.5880691409111023, -7.0235306459665026e-9, 1) ), ( (0.9999997886280463, 0.00009314494879112863, 0.0005430088373485223, 0), (1.2653042954159345e-7, 0.9855658895360261, -0.16929193243367321, 0), (-0.000550939708964553, 0.16929190680939799, 0.9855657399475486, 0), (-9.370534903574423e-11, 0.1334977149963379, -1.4033791018164266e-8, 1) ), ( (0.9203212211565543, -0.3867193496964008, 0.0587953151423792, 0), (0.3681812681073316, 0.907170384455908, 0.2036779367417109, 0), (-0.1321035536488302, -0.16580178718208716, 0.9772709053412345, 0), (0.4592938721179962, 0.6956892013549805, -0.13181161880493164, 1) ), ( (0.9994515233283531, -0.030714968296712806, 0.012364695599489798, 0), (0.03308135134194385, 0.9419614237289716, -0.33408763508284894, 0), (-0.0013855760939781026, 0.33431345655702477, 0.9424609286130908, 0), (2.327575998606335e-8, 0.3406003713607788, 1.9058168732044578e-7, 1) ), ( (0.9068388382800432, 0.42146519237250857, -0.0032339081254999513, 0), (-0.24178881132490432, 0.5139256157663021, -0.823054523451957, 0), (-0.34522676038324546, 0.7471597490835107, 0.5679532405702572, 0), (9.600886130556319e-8, 0.6946062445640564, -7.549107294835267e-8, 1) ), ( (0.9202560181274598, 0.38671923980699313, -0.05980806031631427, 0), (-0.3679567902983686, 0.9071704279036232, 0.20408305076001498, 0), (0.13317892296983436, -0.16580187169997695, 0.9771249271081042, 0), (-0.45816177129745483, 0.6956892013549805, -0.13130681216716766, 1) ), ( (0.9994515207492617, 0.03071506577764364, -0.012364667633089773, 0), (-0.03308143391920622, 0.9419614006192164, -0.33408771445063307, 0), (0.0013855158748137253, 0.33431353508640854, 0.9424609087127329, 0), (-2.0648441534376616e-7, 0.34060025215148926, 8.857725930511151e-8, 1) ), ( (0.9068388426379552, -0.4214648527057124, 0.0032339436088712013, 0), (0.24178866553693704, 0.5139257428121381, -0.8230542160778309, 0), (0.3452264687219017, 0.747159599445211, 0.5679533474176991, 0), (-2.719337430789892e-7, 0.6946060657501221, 1.3261471565328975e-7, 1) ), ( (0.6630866801557957, -0.7485131210020611, 0.006650400925122368, 0), (0.7468032671813062, 0.6609144439235201, -0.07400544229539978, 0), (0.050998699026224004, 0.05403857256819106, 0.9972356621732962, 0), (0.13151046633720398, 0.14112849533557892, 0.014702804386615753, 1) ), ( (0.04310556491971873, 0.06210677923983532, 0.9971384153063667, 0), (0.9990688623035798, -0.004657150695630206, -0.04289914680470848, 0), (0.0019793075417614586, 0.9980589539070099, -0.06224986804049136, 0), (3.5258210573374527e-8, 0.259531706571579, -1.246705849666796e-9, 1) ), ( (0.7603517831002797, -0.4402314662176089, -0.4775576464450763, 0), (0.42237914658469017, 0.8936947400235374, -0.15134467879169758, 0), (0.4934175640819667, -0.08663521403398189, 0.8654671852336059, 0), (-1.0270024830560942e-8, 0.5282710194587708, -4.945932019495558e-8, 1) ), ( (0.9992522442609043, -0.012626432059232088, -0.0365448469049264, 0), (0.013538948723347903, 0.9995998597870607, 0.02483100710025068, 0), (0.036216699038617454, -0.02530721979906678, 0.9990234113854275, 0), (4.972295286620465e-8, 0.425347238779068, 5.535559566283155e-8, 1) ), ( (0.6630866090858701, 0.7485131361315017, -0.0066512062128814, 0), (-0.7468034605156272, 0.6609144594479196, -0.07400454944837326, 0), (-0.05099749863852554, 0.054038569704948525, 0.9972357234651423, 0), (-0.13023367524147034, 0.14112845063209534, 0.014702977612614632, 1) ), ( (0.04310578142460191, -0.062107015008886296, -0.9971382263701137, 0), (-0.9990685697807475, -0.004656810719006103, -0.04289926271429593, 0), (-0.0019790602574376055, 0.998058830326436, -0.06224998811019853, 0), (-2.5235074474494468e-8, 0.25953176617622375, -1.8178067051621838e-8, 1) ), ( (0.7603516982056799, 0.44023164200135945, 0.47755777730870586, 0), (-0.4223793017677915, 0.8936947237476851, -0.151344781735938, 0), (-0.49341759709404487, -0.08663523655554335, 0.8654669677492285, 0), (3.6628300392749225e-8, 0.5282710194587708, -1.0095600799786553e-7, 1) ), ( (0.9992521875173027, 0.012626391808812204, 0.036544778900352785, 0), (-0.013538907643883666, 0.9995998001576434, 0.024831027597464892, 0), (-0.03621663605932103, -0.02530724103258106, 0.999023472675981, 0), (3.212763743931646e-8, 0.42534735798835754, 5.041158246399391e-8, 1) ), ( (0.9995191268574097, 0.030945366965783337, 0.0020919300404351176, 0), (0.018757550274465542, -0.6568177410800304, 0.7538179851873249, 0), (0.02470119320239209, -0.753416344704996, -0.6570824326808785, 0), (0.5348395705223083, -0.1814781129360199, -0.19150322675704956, 1) ), ( (0.9992834959149208, 0.03757758353545426, 0.004518853391224709, 0), (-0.006068717619459128, 0.04123333731549884, 0.9991294623551602, 0), (0.037358618311134836, -0.9984430290745488, 0.041431925150277264, 0), (-5.944664138723965e-8, 0.23729713261127472, -1.5580848611307374e-8, 1) ), ( (0.999518850822504, -0.03094474606450653, -0.0020905225137238474, 0), (-0.018758214985574298, -0.6568177788184574, 0.7538174542785802, 0), (-0.024699796636514063, -0.753415945302951, -0.6570825721590238, 0), (-0.5365226864814758, -0.18147815763950348, -0.19150398671627045, 1) ), ( (0.9992835096381332, -0.03757722067330771, -0.004518836155663064, 0), (0.006068696182435055, 0.04123366326744257, 0.9991291508560166, 0), (-0.03735824997222368, -0.9984429098439258, 0.04143225583612505, 0), (5.027995086948067e-8, 0.2372971922159195, -1.0887108992108097e-8, 1) ), ( (0.9999999999999716, -2.5410950047399913e-21, -2.384187496318191e-7, 0), (8.470376930455265e-22, 1.0000001192092896, -7.105387547047836e-15, 0), (2.3841877805354884e-7, 7.105387547047432e-15, 1.0000001192092611, 0), (0.5438047051429749, 0.24852223694324493, 0.9631471037864685, 1) ), ( (-1.0000003031269742, -0.00002208399069384727, -2.5877920511031653e-7, 0), (1.3595740738593789e-12, -0.011717366814961196, 0.9999316219918022, 0), (-0.0000220855094561179, 0.999931621747934, 0.01171706344120855, 0), (-0.5446122288703918, 0.024662872776389122, -0.04505578801035881, 1) ), ( (0.9999999999992895, 1.1011454163700047e-20, 0.0000011920928955078125, 0), (-2.541076526462918e-21, 1.0000001192092896, -7.105468862224303e-15, 0), (-0.0000011920930376163597, 7.105468862216225e-15, 1.000000119208579, 0), (-0.5411826372146606, 0.24852223694324493, 0.9631465673446655, 1) )]
                    prepend rel skel:animationSource = </Character/Animations/Run>
                }

                def Xform "Arms_29"
                {
                    def Mesh "primitive_0"
                    {
                        int[] faceVertexCounts = [3, 3, 3, 3, 3, 3, 3, 3, 3, 3, 3, 3, 3, 3, 3, 3, 3, 3, 3, 3, 3, 3, 3, 3, 3, 3, 3, 3, 3, 3, 3, 3, 3, 3, 3, 3, 3, 3, 3, 3, 3, 3, 3, 3, 3, 3, 3, 3, 3, 3, 3, 3, 3, 3, 3, 3, 3, 3, 3, 3, 3, 3, 3, 3, 3, 3, 3, 3, 3, 3, 3, 3, 3, 3, 3, 3, 3, 3, 3, 3, 3, 3, 3, 3, 3, 3, 3, 3, 3, 3, 3, 3, 3, 3, 3, 3, 3, 3, 3, 3, 3, 3, 3, 3, 3, 3, 3, 3, 3, 3, 3, 3, 3, 3, 3, 3, 3, 3, 3, 3, 3, 3, 3, 3, 3, 3, 3, 3, 3, 3, 3, 3, 3, 3, 3, 3, 3, 3, 3, 3, 3, 3, 3, 3, 3, 3, 3, 3, 3, 3, 3, 3, 3, 3, 3, 3, 3, 3, 3, 3, 3, 3, 3, 3, 3, 3, 3, 3, 3, 3, 3, 3, 3, 3, 3, 3, 3, 3, 3, 3, 3, 3, 3, 3, 3, 3, 3, 3, 3, 3, 3, 3, 3, 3, 3, 3, 3, 3, 3, 3, 3, 3, 3, 3, 3, 3, 3, 3, 3, 3, 3, 3, 3, 3, 3, 3, 3, 3, 3, 3, 3, 3, 3, 3, 3, 3, 3, 3, 3, 3, 3, 3, 3, 3, 3, 3, 3, 3, 3, 3, 3, 3, 3, 3, 3, 3, 3, 3, 3, 3, 3, 3, 3, 3, 3, 3, 3, 3, 3, 3, 3, 3, 3, 3, 3, 3, 3, 3, 3, 3, 3, 3, 3, 3, 3, 3, 3, 3, 3, 3, 3, 3, 3, 3, 3, 3, 3, 3, 3, 3, 3, 3, 3, 3, 3, 3, 3, 3, 3, 3, 3, 3, 3, 3, 3, 3, 3, 3, 3, 3, 3, 3, 3, 3, 3, 3, 3, 3, 3, 3]
                        int[] faceVertexIndices = [80, 95, 63, 80, 63, 15, 48, 93, 81, 48, 81, 1, 80, 15, 45, 80, 45, 89, 81, 93, 55, 81, 55, 14, 57, 94, 82, 57, 82, 2, 81, 14, 46, 81, 46, 90, 82, 94, 62, 82, 62, 13, 49, 92, 83, 49, 83, 3, 82, 13, 47, 82, 47, 91, 83, 92, 54, 83, 54, 12, 34, 91, 84, 34, 84, 17, 83, 12, 44, 83, 44, 88, 64, 5, 51, 64, 51, 77, 64, 75, 37, 64, 37, 5, 65, 7, 59, 65, 59, 79, 65, 74, 43, 65, 43, 7, 66, 9, 53, 66, 53, 76, 66, 73, 41, 66, 41, 9, 67, 11, 61, 67, 61, 78, 67, 72, 39, 67, 39, 11, 36, 44, 12, 36, 12, 4, 62, 58, 6, 62, 6, 13, 47, 13, 6, 47, 6, 42, 55, 52, 8, 55, 8, 14, 46, 14, 8, 46, 8, 40, 63, 60, 10, 63, 10, 15, 45, 15, 10, 45, 10, 38, 45, 38, 20, 45, 20, 23, 55, 23, 20, 55, 20, 52, 47, 42, 18, 47, 18, 22, 54, 22, 18, 54, 18, 50, 36, 28, 31, 36, 31, 44, 68, 21, 39, 68, 39, 72, 68, 76, 53, 68, 53, 21, 69, 19, 43, 69, 43, 74, 69, 77, 51, 69, 51, 19, 84, 91, 47, 84, 47, 22, 33, 89, 85, 33, 85, 16, 84, 22, 54, 84, 54, 92, 85, 89, 45, 85, 45, 23, 35, 90, 86, 35, 86, 25, 85, 23, 55, 85, 55, 93, 63, 31, 28, 63, 28, 60, 46, 40, 26, 46, 26, 30, 62, 30, 26, 62, 26, 58, 70, 29, 37, 70, 37, 75, 70, 78, 61, 70, 61, 29, 71, 27, 41, 71, 41, 73, 71, 79, 59, 71, 59, 27, 86, 90, 46, 86, 46, 30, 88, 87, 24, 88, 24, 32, 86, 30, 62, 86, 62, 94, 87, 88, 44, 87, 44, 31, 87, 31, 63, 87, 63, 95, 54, 50, 4, 54, 4, 12, 56, 24, 87, 56, 87, 95, 57, 25, 86, 57, 86, 94, 48, 16, 85, 48, 85, 93, 49, 17, 84, 49, 84, 92, 88, 32, 3, 88, 3, 83, 34, 2, 82, 34, 82, 91, 35, 1, 81, 35, 81, 90, 33, 0, 80, 33, 80, 89, 56, 95, 80, 56, 80, 0, 16, 48, 108, 16, 108, 100, 25, 57, 111, 25, 111, 103, 3, 32, 104, 3, 104, 99, 57, 2, 98, 57, 98, 111, 2, 34, 106, 2, 106, 98, 48, 1, 97, 48, 97, 108, 32, 24, 102, 32, 102, 104, 34, 17, 101, 34, 101, 106, 1, 35, 107, 1, 107, 97, 24, 56, 110, 24, 110, 102, 56, 0, 96, 56, 96, 110, 17, 49, 109, 17, 109, 101, 0, 33, 105, 0, 105, 96, 33, 16, 100, 33, 100, 105, 35, 25, 103, 35, 103, 107, 49, 3, 99, 49, 99, 109, 192, 127, 175, 192, 175, 207, 160, 113, 193, 160, 193, 205, 192, 201, 157, 192, 157, 127, 193, 126, 167, 193, 167, 205, 169, 114, 194, 169, 194, 206, 193, 202, 158, 193, 158, 126, 194, 125, 174, 194, 174, 206, 161, 115, 195, 161, 195, 204, 194, 203, 159, 194, 159, 125, 195, 124, 166, 195, 166, 204, 146, 129, 196, 146, 196, 203, 195, 200, 156, 195, 156, 124, 176, 189, 162, 176, 162, 116, 176, 116, 148, 176, 148, 187, 177, 191, 170, 177, 170, 118, 177, 118, 154, 177, 154, 186, 178, 188, 164, 178, 164, 120, 178, 120, 152, 178, 152, 185, 179, 190, 172, 179, 172, 122, 179, 122, 150, 179, 150, 184, 149, 117, 124, 149, 124, 156, 174, 125, 119, 174, 119, 171, 159, 155, 119, 159, 119, 125, 167, 126, 121, 167, 121, 165, 158, 153, 121, 158, 121, 126, 175, 127, 123, 175, 123, 173, 157, 151, 123, 157, 123, 127, 157, 135, 133, 157, 133, 151, 167, 165, 133, 167, 133, 135, 159, 134, 131, 159, 131, 155, 166, 163, 131, 166, 131, 134, 149, 156, 143, 149, 143, 141, 180, 184, 150, 180, 150, 132, 180, 132, 164, 180, 164, 188, 181, 186, 154, 181, 154, 130, 181, 130, 162, 181, 162, 189, 196, 134, 159, 196, 159, 203, 145, 128, 197, 145, 197, 201, 196, 204, 166, 196, 166, 134, 197, 135, 157, 197, 157, 201, 147, 137, 198, 147, 198, 202, 197, 205, 167, 197, 167, 135, 175, 173, 141, 175, 141, 143, 158, 142, 139, 158, 139, 153, 174, 171, 139, 174, 139, 142, 182, 187, 148, 182, 148, 140, 182, 140, 172, 182, 172, 190, 183, 185, 152, 183, 152, 138, 183, 138, 170, 183, 170, 191, 198, 142, 158, 198, 158, 202, 200, 144, 136, 200, 136, 199, 198, 206, 174, 198, 174, 142, 199, 143, 156, 199, 156, 200, 199, 207, 175, 199, 175, 143, 166, 124, 117, 166, 117, 163, 168, 207, 199, 168, 199, 136, 169, 206, 198, 169, 198, 137, 160, 205, 197, 160, 197, 128, 161, 204, 196, 161, 196, 129, 200, 195, 115, 200, 115, 144, 146, 203, 194, 146, 194, 114, 147, 202, 193, 147, 193, 113, 145, 201, 192, 145, 192, 112, 168, 112, 192, 168, 192, 207, 128, 212, 220, 128, 220, 160, 137, 215, 223, 137, 223, 169, 115, 211, 216, 115, 216, 144, 169, 223, 210, 169, 210, 114, 114, 210, 218, 114, 218, 146, 160, 220, 209, 160, 209, 113, 144, 216, 214, 144, 214, 136, 146, 218, 213, 146, 213, 129, 113, 209, 219, 113, 219, 147, 136, 214, 222, 136, 222, 168, 168, 222, 208, 168, 208, 112, 129, 213, 221, 129, 221, 161, 112, 208, 217, 112, 217, 145, 145, 217, 212, 145, 212, 128, 147, 219, 215, 147, 215, 137, 161, 221, 211, 161, 211, 115]
                        rel material:binding = </Character/Materials/Main>
                        point3f[] points = [(0.2957898, 1.3029747, -0.24044308), (0.2811403, 1.2309861, -0.013420563), (0.2739142, 1.4585092, 0.05822922), (0.28856346, 1.5304978, -0.1687933), (1.1681772, 1.6604261, -0.1856245), (1.1681772, 1.6604261, -0.1856245), (1.1495383, 1.530122, 0.22609693), (1.1495383, 1.530122, 0.22609693), (1.1596868, 1.1179988, 0.096124835), (1.1596868, 1.1179988, 0.096124835), (1.1783258, 1.2483034, -0.3155968), (1.1783258, 1.2483034, -0.3155968), (0.8411676, 1.5972185, -0.17062469), (0.8266601, 1.495796, 0.14983784), (0.83455926, 1.1750209, 0.048674274), (0.8490668, 1.2764435, -0.27178815), (0.29069838, 1.2239676, -0.15326253), (0.27900556, 1.5375166, -0.02895135), (1.1558204, 1.6731904, 0.067995355), (1.1558204, 1.6731904, 0.067995355), (1.1720433, 1.1052349, -0.15749498), (1.1720433, 1.1052349, -0.15749498), (0.8315498, 1.6071529, 0.026779909), (0.84417707, 1.1650863, -0.14872995), (0.2948133, 1.4431622, -0.24754587), (0.27489057, 1.3183217, 0.06533205), (1.1513065, 1.2762127, 0.23896152), (1.1513065, 1.2762127, 0.23896152), (1.1765575, 1.5022125, -0.3284613), (1.1765575, 1.5022125, -0.3284613), (0.8280363, 1.2981663, 0.1598509), (0.8476902, 1.4740732, -0.28180128), (0.2925932, 1.5003464, -0.22358222), (0.2943475, 1.2484796, -0.21082103), (0.27542087, 1.5129569, 0.027664293), (0.27717516, 1.26109, 0.040425498), (1.1666985, 1.6057732, -0.28450373), (1.1666985, 1.6057732, -0.28450373), (1.1698754, 1.1495886, -0.26139048), (1.1698754, 1.1495886, -0.26139048), (1.1476746, 1.1725211, 0.19427362), (1.1476746, 1.1725211, 0.19427362), (1.1444974, 1.6287053, 0.17116067), (1.1444974, 1.6287053, 0.17116067), (0.8524327, 1.5547967, -0.24697551), (0.8549055, 1.1997266, -0.22898546), (0.83762544, 1.2175758, 0.12567957), (0.83515275, 1.5726459, 0.107689805), (0.2859327, 1.2209616, -0.082538955), (0.28370693, 1.5405695, -0.098732345), (1.1686617, 1.6787171, -0.059049573), (1.1686617, 1.6787171, -0.059049573), (1.1726933, 1.0998392, -0.029719856), (1.1726933, 1.0998392, -0.029719856), (0.82912904, 1.611337, -0.0727166), (0.8322665, 1.160769, -0.049888), (0.29571536, 1.3727646, -0.25004584), (0.27392408, 1.3887665, 0.0687747), (1.1565915, 1.4038284, 0.2447241), (1.1565915, 1.4038284, 0.2447241), (1.1847633, 1.374728, -0.33349365), (1.1847633, 1.374728, -0.33349365), (0.8197339, 1.3973782, 0.16372496), (0.84166145, 1.3747284, -0.28632936), (1.197438, 1.6324339, -0.16952209), (1.1807417, 1.515712, 0.19928135), (1.1898326, 1.146549, 0.082857616), (1.2065283, 1.2632704, -0.28594604), (1.200901, 1.1351156, -0.14432475), (1.1863693, 1.643867, 0.05766024), (1.2049446, 1.4907119, -0.2974695), (1.1823255, 1.2882707, 0.21080483), (1.1976688, 1.174834, -0.23745227), (1.1777822, 1.1953757, 0.17071341), (1.1749363, 1.604007, 0.15000962), (1.1948229, 1.5834653, -0.2581562), (1.2027731, 1.1302946, -0.029807117), (1.1991622, 1.6488297, -0.056079376), (1.2135851, 1.3765287, -0.3019152), (1.1883502, 1.402595, 0.21602878), (0.7214194, 1.2832754, -0.26314297), (0.7079784, 1.1893089, 0.033761885), (0.7006598, 1.4865034, 0.1274889), (0.7141011, 1.5804698, -0.16941617), (0.70519036, 1.5896742, 0.013477065), (0.71688914, 1.1801045, -0.14913099), (0.70193505, 1.3034015, 0.1367659), (0.7201442, 1.4663773, -0.27242014), (0.7304754, 1.5412242, -0.23983818), (0.73276645, 1.2122555, -0.22317053), (0.71675676, 1.2287924, 0.10542292), (0.71446574, 1.5577614, 0.08875548), (0.6970098, 1.5934937, -0.07902174), (0.6999167, 1.1760471, -0.057871412), (0.68830544, 1.3952627, 0.14003882), (0.7086211, 1.3742781, -0.27693173), (0.19911344, 1.3029747, -0.24044308), (0.18446393, 1.2309861, -0.013420563), (0.17723782, 1.4585092, 0.05822922), (0.1918871, 1.5304978, -0.1687933), (0.19402201, 1.2239676, -0.15326253), (0.1823292, 1.5375166, -0.02895135), (0.19813694, 1.4431622, -0.24754587), (0.1782142, 1.3183217, 0.06533205), (0.19591685, 1.5003464, -0.22358222), (0.19767113, 1.2484796, -0.21082103), (0.17874451, 1.5129569, 0.027664293), (0.1804988, 1.26109, 0.040425498), (0.18925633, 1.2209616, -0.082538955), (0.18703057, 1.5405695, -0.098732345), (0.199039, 1.3727646, -0.25004584), (0.17724772, 1.3887665, 0.0687747), (-0.2957898, 1.3029747, -0.24044308), (-0.2811403, 1.2309861, -0.013420563), (-0.2739142, 1.4585092, 0.05822922), (-0.28856346, 1.5304978, -0.1687933), (-1.1681772, 1.6604261, -0.1856245), (-1.1681772, 1.6604261, -0.1856245), (-1.1495383, 1.530122, 0.22609693), (-1.1495383, 1.530122, 0.22609693), (-1.1596868, 1.1179988, 0.096124835), (-1.1596868, 1.1179988, 0.096124835), (-1.1783258, 1.2483034, -0.3155968), (-1.1783258, 1.2483034, -0.3155968), (-0.8411676, 1.5972185, -0.17062469), (-0.8266601, 1.495796, 0.14983784), (-0.83455926, 1.1750209, 0.048674274), (-0.8490668, 1.2764435, -0.27178815), (-0.29069838, 1.2239676, -0.15326253), (-0.27900556, 1.5375166, -0.02895135), (-1.1558204, 1.6731904, 0.067995355), (-1.1558204, 1.6731904, 0.067995355), (-1.1720433, 1.1052349, -0.15749498), (-1.1720433, 1.1052349, -0.15749498), (-0.8315498, 1.6071529, 0.026779909), (-0.84417707, 1.1650863, -0.14872995), (-0.2948133, 1.4431622, -0.24754587), (-0.27489057, 1.3183217, 0.06533205), (-1.1513065, 1.2762127, 0.23896152), (-1.1513065, 1.2762127, 0.23896152), (-1.1765575, 1.5022125, -0.3284613), (-1.1765575, 1.5022125, -0.3284613), (-0.8280363, 1.2981663, 0.1598509), (-0.8476902, 1.4740732, -0.28180128), (-0.2925932, 1.5003464, -0.22358222), (-0.2943475, 1.2484796, -0.21082103), (-0.27542087, 1.5129569, 0.027664293), (-0.27717516, 1.26109, 0.040425498), (-1.1666985, 1.6057732, -0.28450373), (-1.1666985, 1.6057732, -0.28450373), (-1.1698754, 1.1495886, -0.26139048), (-1.1698754, 1.1495886, -0.26139048), (-1.1476746, 1.1725211, 0.19427362), (-1.1476746, 1.1725211, 0.19427362), (-1.1444974, 1.6287053, 0.17116067), (-1.1444974, 1.6287053, 0.17116067), (-0.8524327, 1.5547967, -0.24697551), (-0.8549055, 1.1997266, -0.22898546), (-0.83762544, 1.2175758, 0.12567957), (-0.83515275, 1.5726459, 0.107689805), (-0.2859327, 1.2209616, -0.082538955), (-0.28370693, 1.5405695, -0.098732345), (-1.1686617, 1.6787171, -0.059049573), (-1.1686617, 1.6787171, -0.059049573), (-1.1726933, 1.0998392, -0.029719856), (-1.1726933, 1.0998392, -0.029719856), (-0.82912904, 1.611337, -0.0727166), (-0.8322665, 1.160769, -0.049888), (-0.29571536, 1.3727646, -0.25004584), (-0.27392408, 1.3887665, 0.0687747), (-1.1565915, 1.4038284, 0.2447241), (-1.1565915, 1.4038284, 0.2447241), (-1.1847633, 1.374728, -0.33349365), (-1.1847633, 1.374728, -0.33349365), (-0.8197339, 1.3973782, 0.16372496), (-0.84166145, 1.3747284, -0.28632936), (-1.197438, 1.6324339, -0.16952209), (-1.1807417, 1.515712, 0.19928135), (-1.1898326, 1.146549, 0.082857616), (-1.2065283, 1.2632704, -0.28594604), (-1.200901, 1.1351156, -0.14432475), (-1.1863693, 1.643867, 0.05766024), (-1.2049446, 1.4907119, -0.2974695), (-1.1823255, 1.2882707, 0.21080483), (-1.1976688, 1.174834, -0.23745227), (-1.1777822, 1.1953757, 0.17071341), (-1.1749363, 1.604007, 0.15000962), (-1.1948229, 1.5834653, -0.2581562), (-1.2027731, 1.1302946, -0.029807117), (-1.1991622, 1.6488297, -0.056079376), (-1.2135851, 1.3765287, -0.3019152), (-1.1883502, 1.402595, 0.21602878), (-0.7214194, 1.2832754, -0.26314297), (-0.7079784, 1.1893089, 0.033761885), (-0.7006598, 1.4865034, 0.1274889), (-0.7141011, 1.5804698, -0.16941617), (-0.70519036, 1.5896742, 0.013477065), (-0.71688914, 1.1801045, -0.14913099), (-0.70193505, 1.3034015, 0.1367659), (-0.7201442, 1.4663773, -0.27242014), (-0.7304754, 1.5412242, -0.23983818), (-0.73276645, 1.2122555, -0.22317053), (-0.71675676, 1.2287924, 0.10542292), (-0.71446574, 1.5577614, 0.08875548), (-0.6970098, 1.5934937, -0.07902174), (-0.6999167, 1.1760471, -0.057871412), (-0.68830544, 1.3952627, 0.14003882), (-0.7086211, 1.3742781, -0.27693173), (-0.19911344, 1.3029747, -0.24044308), (-0.18446393, 1.2309861, -0.013420563), (-0.17723782, 1.4585092, 0.05822922), (-0.1918871, 1.5304978, -0.1687933), (-0.19402201, 1.2239676, -0.15326253), (-0.1823292, 1.5375166, -0.02895135), (-0.19813694, 1.4431622, -0.24754587), (-0.1782142, 1.3183217, 0.06533205), (-0.19591685, 1.5003464, -0.22358222), (-0.19767113, 1.2484796, -0.21082103), (-0.17874451, 1.5129569, 0.027664293), (-0.1804988, 1.26109, 0.040425498), (-0.18925633, 1.2209616, -0.082538955), (-0.18703057, 1.5405695, -0.098732345), (-0.199039, 1.3727646, -0.25004584), (-0.17724772, 1.3887665, 0.0687747)]
